image: map_iter50_kernel1.pgm
resolution: 0.100000
origin: [-26.000000, -38.800000, 0.000000]
negate: 0
occupied_thresh: 0.65
free_thresh: 0.196

